(0,0,0)
(3,20,40)
(1,10,20),(3,20,40),(4,30,60),(5,50,120),(6,35,70)
(1,10,20)
(3,20,22)
(6,55,95)
(6,55,95),(7,40,90),(8,45,100),(9,55,110)
(4,30,60)
(0,0,0)
(8,45,100)
(12,80,200)
(6,55,95)
(9,55,110)
(11,80,210),(13,70,220)
(10,60,150)
(0,0,0)
(11,80,210),(13,70,220),(15,20,35)
(15,20,35)
(13,70,30)
(13,70,30)
(0,0,0)
(17,70,25)
(11,80,210)
(16,70,60)
(0,0,0)
(12,40,30),(16,80,82),(20,16,75)
(20,16,75)
(0,0,0)
(8,60,97)
(11,80,210)
(16,90,124)
(15,90,85)
(23,49,46)
(1,56,85),(7,125,54)
(7,125,54)
No active ride requests
(17,12,37)
(0,0,0)
Duplicate RideNumber
